17
NULL 0 Common 0
Joined 7 0,255,0,255,0,0,0,0,0,0 Latin 1 0 1 Joined	# Joined [4a 6f 69 6e 65 64 ]a
|Broken|0|1 15 0,255,0,255,0,0,0,0,0,0 Common 2 10 2 |Broken|0|1	# Broken
8 8 0,255,0,255,0,0,0,0,0,0 Common 3 2 3 8	# 8 [38 ]0
0 8 0,255,0,255,0,0,0,0,0,0 Common 4 2 4 0	# 0 [30 ]0
4 8 0,255,0,255,0,0,0,0,0,0 Common 5 2 5 4	# 4 [34 ]0
F 5 0,255,0,255,0,0,0,0,0,0 Latin 6 0 6 F	# F [46 ]A
3 8 0,255,0,255,0,0,0,0,0,0 Common 7 2 7 3	# 3 [33 ]0
A 5 0,255,0,255,0,0,0,0,0,0 Latin 8 0 8 A	# A [41 ]A
E 5 0,255,0,255,0,0,0,0,0,0 Latin 9 0 9 E	# E [45 ]A
2 8 0,255,0,255,0,0,0,0,0,0 Common 10 2 10 2	# 2 [32 ]0
B 5 0,255,0,255,0,0,0,0,0,0 Latin 11 0 11 B	# B [42 ]A
1 8 0,255,0,255,0,0,0,0,0,0 Common 12 2 12 1	# 1 [31 ]0
C 5 0,255,0,255,0,0,0,0,0,0 Latin 13 0 13 C	# C [43 ]A
5 8 0,255,0,255,0,0,0,0,0,0 Common 14 2 14 5	# 5 [35 ]0
6 8 0,255,0,255,0,0,0,0,0,0 Common 15 2 15 6	# 6 [36 ]0
9 8 0,255,0,255,0,0,0,0,0,0 Common 16 2 16 9	# 9 [39 ]0
